((("global-linum-mode" .
   [0 0 0 0 0 0 0 0 0 0 0 0 0 0 0 0 1])
  ("hlinum" .
   [1 0 0 0 0 0])
  ("require-package" .
   [0 0 0 0 0 0 0 0 0 0 0 0 0 0 1])
  ("Solvabilities" .
   [1 0 0 0 0 0 0 0 0 0 0 0 0])
  ("Riccati" .
   [1 0 0 1 1 0 1])
  ("regular" .
   [1 0 0 0 0 0 0])
  ("existence" .
   [1 0 0 0 0 0 0 0 0])
  ("solvabilit" .
   [0 0 0 0 0 0 0 0 0 1])
  ("system" .
   [1 0 0 0 0 0])
  ("equivalent" .
   [2 0 0 0 0 0 0 0 0 0])
  ("solvability" .
   [3 0 0 0 0 0 0 0 0 0 0])
  ("solvabilities" .
   [2 0 0 0 0 0 0 0 0 0 0 0 0])
  ("open-loop" .
   [1 0 0 0 0 0 0 0 0])
  ("open" .
   [1 0 0 0])
  ("risk-free" .
   [1 0 0 0 0 0 0 0 0])
  ("mathematical" .
   [1 0 0 0 0 0 0 0 0 0 0 0])
  ("ds" .
   [2 0])
  ("closed-loop" .
   [1 0 0 0 0 0 0 0 0 0 0])
  ("being" .
   [1 0 0 0 0])
  ("cU" .
   [1 0])
  ("any" .
   [1 0 0])
  ("dbE" .
   [4 0 0])
  ("=J" .
   [1 0])
  ("Bigg" .
   [1 0 0 0])
  ("qq+" .
   [2 0 0])
  ("qq" .
   [24 0])
  ("Bran" .
   [1 0 0 0])
  ("+v" .
   [3 0])
  ("2017-2018" .
   [1 0 0 0 0 0 0 0 0])
  ("五" .
   [1])
  ("proof" .
   [1 0 0 0 0])
  ("find" .
   [1 0 0 0])
  ("still" .
   [1 0 0 0 0])
  ("provide" .
   [2 0 0 0 0 0 0])
  ("admissible" .
   [0 0 0 0 0 0 0 1 0 0])
  ("need" .
   [1 0 0 0])
  ("value" .
   [1 0 0 0 0])
  ("solution" .
   [3 0 0 0 0 0 0 0])
  ("show" .
   [2 0 0 0])
  ("theorem" .
   [4 0 0 0 0 0 0])
  ("verification" .
   [2 0 0 0 0 0 0 0 0 0 0 0])
  ("HJB" .
   [2 0 0])
  ("like" .
   [1 0 0 0])
  ("typos" .
   [1 0 0 0 0])
  ("Y" .
   [2])
  ("exists" .
   [1 0 0 0 0 0])
  ("prove" .
   [3 0 0 0 0])
  ("solve" .
   [1 0 0 0 0])
  ("Before" .
   [1 0 0 0 0 0])
  ("respectively" .
   [1 0 0 0 0 0 0 0 0 0 0 0])
  ("satisfy" .
   [1 0 0 0 0 0 0])
  ("parameterized" .
   [1 0 0 0 0 0 0 0 0 0 0 0 0])
  ("constrained" .
   [1 0 0 0 0 0 0 0 0 0 0])
  ("formulation" .
   [1 0 0 0 0 0 0 0 0 0 0])
  ("Finding" .
   [1 0 0 0 0 0 0])
  ("delete" .
   [1 0 0 0 0 0])
  ("22-26" .
   [1 0 0 0 0])
  ("similar" .
   [1 0 0 0 0 0 0])
  ("all" .
   [3 0 0])
  ("SDE" .
   [1 0 0])
  ("add" .
   [1 0 0])
  ("before" .
   [1 0 0 0 0 0])
  ("put" .
   [1 0 0])
  ("real" .
   [1 0 0 0])
  ("represent" .
   [0 0 0 0 0 0 0 0 1])
  ("way" .
   [2 0 0])
  ("view" .
   [1 0 0 0])
  ("point" .
   [1 0 0 0 0])
  ("So" .
   [1 0])
  ("dynamics" .
   [1 0 0 0 0 0 0 0])
  ("paragraph" .
   [0 0 0 0 0 1 1 0 0])
  ("last" .
   [1 0 0 0])
  ("interesting" .
   [1 0 0 0 0 0 0 0 0 0 0])
  ("inflation" .
   [3 0 0 0 0 0 0 0 0])
  ("interest" .
   [1 0 0 0 0 0 0 0])
  ("management" .
   [1 0 0 0 0 0 0 0 0 0])
  ("asset-liability" .
   [0 0 0 0 0 0 0 0 0 0 0 0 0 0 1])
  ("asset" .
   [5 0 0 0 0])
  ("mean-variance" .
   [0 0 0 0 0 0 0 0 0 0 0 0 1])
  ("mean" .
   [2 0 0 0])
  ("approach" .
   [1 0 0 0 0 0 0 0])
  ("programming" .
   [1 0 0 0 0 0 0 0 0 0 0])
  ("dynamic" .
   [1 0 0 0 0 0 0])
  ("i" .
   [4])
  ("、" .
   [1])
  ("，" .
   [1])
  ("代数" .
   [1 0])
  ("·" .
   [1])
  (":" .
   [1])
  (":=" .
   [1 0])
  ("则" .
   [1])
  ("alert@+>" .
   [0 0 1 0 0 0 0 0])
  ("<+-" .
   [0 0 1])
  ("zheng" .
   [1 0 0 0 0])
  ("coro" .
   [1 0 0 0])
  ("Li" .
   [1 0])
  ("Dawson" .
   [1 0 0 0 0 0])
  ("nonumber" .
   [1 0 0 0 0 0 0 0])
  ("45cm" .
   [1 0 0 0])
  ("above" .
   [2 0 0 0 0])
  ("Substituting" .
   [1 0 0 0 0 0 0 0 0 0 0 0])
  ("=0" .
   [1 0])
  ("scriptsize" .
   [0 0 0 1 0 1 1 0 0 0])
  ("8cm" .
   [1 0 0])
  ("-0" .
   [4 0])
  ("hspace" .
   [5 0 0 0 0 0])
  ("footnotesize" .
   [0 0 0 0 0 0 0 0 0 1 1 0])
  ("thm" .
   [4 0 0])
  ("eqnarray*" .
   [3 0 0 0 0 0 0 0 0])
  ("7cm" .
   [1 0 0])
  ("i=1" .
   [3 0 0])
  ("次事件发生时刻" .
   [0 0 0 0 1 0 0])
  ("为第" .
   [1 0])
  ("n" .
   [3])
  ("S" .
   [2])
  ("若" .
   [2])
  ("推导出" .
   [1 0 0])
  ("并给出" .
   [1 0 0])
  ("给出" .
   [1 0])
  ("设" .
   [1])
  ("x+k" .
   [4 0 0])
  ("x=vq" .
   [1 0 0 0])
  ("kV" .
   [2 0])
  ("证明净责任准备金还有如下表达形式" .
   [0 0 0 0 0 0 0 0 0 1 0 0 0 0 0 0])
  ("newpage" .
   [3 0 0 0 0 0 0])
  ("试" .
   [1])
  ("为死亡年年末赔付" .
   [0 0 0 0 0 0 0 1])
  ("x=1" .
   [1 0 0])
  ("x+A" .
   [1 0 0])
  ("v" .
   [4])
  ("k|" .
   [1 0])
  ("k+1" .
   [2 0 0])
  ("lcroof" .
   [0 0 0 0 1 0])
  ("k=0" .
   [2 0 0])
  ("a" .
   [3])
  ("试证明" .
   [1 0 0])
  ("20分" .
   [1 0 0])
  ("四" .
   [1])
  ("之间的关系" .
   [0 0 0 1 0])
  ("试给出" .
   [1 0 0])
  ("为" .
   [3])
  ("记" .
   [1])
  ("tp" .
   [1 0])
  ("x=" .
   [4 0])
  ("q" .
   [3])
  ("h" .
   [2])
  ("x+h" .
   [1 0 0])
  ("p" .
   [3])
  ("三" .
   [1])
  ("二" .
   [1])
  ("rmk" .
   [1 0 0])
  ("Assumption" .
   [3 0 0 0 0 0 0 0 0 1])
  ("formulas" .
   [1 0 0 0 0 0 0 0])
  ("options" .
   [1 0 0 0 0 0 0])
  ("bond" .
   [1 0 0 0])
  ("price" .
   [1 0 0 0 0])
  ("let" .
   [1 0 0])
  ("Denote" .
   [1 0 0 0 0 0])
  ("denote" .
   [1 0 0 0 0 0])
  ("mathbb" .
   [3 0 0 0 0 0])
  ("=1" .
   [2 0])
  ("martingale" .
   [1 0 0 0 0 0 0 0 0 0])
  ("dx" .
   [3 0])
  ("org-export-latex-classes" .
   [1 0 0 0 0 0 0 0 0 0 0 0 0 0 0 0 0 0 0 0 0 0 0 0])
  ("mu" .
   [3 0])
  ("expression" .
   [2 0 0 0 0 0 0 0 0 0])
  ("have" .
   [4 0 0 0])
  ("thm1" .
   [2 0 0 0])
  ("If" .
   [1 0])
  ("solved" .
   [2 0 0 0 0 0])
  ("Section" .
   [1 0 0 0 0 0 0])
  ("applications" .
   [1 0 0 0 0 0 0 0 0 0 0 0])
  ("principles" .
   [1 0 0 0 0 0 0 0 0 0])
  ("obtaining" .
   [1 0 0 0 0 0 0 0 0])
  ("Malliavin" .
   [1 0 0 0 0 0 0 0 0])
  ("advantage" .
   [1 0 0 0 0 0 0 0 0])
  ("why" .
   [1 0 0])
  ("theorems" .
   [1 0 0 0 0 0 0 0])
  ("different" .
   [2 0 0 0 0 0 0 0 0])
  ("main" .
   [2 0 0 0])
  ("remark" .
   [1 0 0 0 0 0])
  ("very" .
   [1 0 0 0])
  ("so" .
   [4 0])
  ("controls" .
   [1 0 0 0 0 0 0 0])
  ("explain" .
   [1 0 0 0 0 0 0])
  ("strategy" .
   [3 0 0 0 0 0 0 0])
  ("condition" .
   [5 0 0 0 0 0 0 0 0])
  ("necessary" .
   [1 0 0 0 0 0 0 0 1])
  ("Since" .
   [1 0 0 0 0])
  ("independent" .
   [2 0 0 0 0 0 0 0 0 0 0])
  ("subsection" .
   [1 0 0 0 0 0 0 0 0 0])
  ("change" .
   [6 0 0 0 0 0])
  ("to" .
   [25 0])
  ("better" .
   [3 0 0 0 0 0])
  ("manuscript" .
   [3 0 0 0 1 0 0 0 0 1])
  ("structure" .
   [1 0 0 0 0 0 0 0 0])
  ("For" .
   [4 0 0])
  ("t+h" .
   [2 0 0])
  ("X" .
   [10])
  ("may" .
   [2 0 0])
  ("depend" .
   [1 0 0 0 0 0])
  ("not" .
   [15 0 0])
  ("G" .
   [1])
  ("Why" .
   [1 0 0])
  ("replace" .
   [2 0 0 0 0 0 0])
  ("T" .
   [6])
  ("meaning" .
   [2 0 0 0 0 0 0])
  ("L" .
   [5])
  ("notion" .
   [2 0 0 0 0 0])
  ("in" .
   [17 0])
  ("what" .
   [5 0 0 0])
  ("H" .
   [2])
  ("be" .
   [20 0])
  ("think" .
   [9 0 0 0 0])
  ("I" .
   [4])
  ("hat" .
   [1 0 0])
  ("give" .
   [6 0 0 0])
  ("assumption" .
   [2 0 0 0 0 0 0 0 0 0])
  ("should" .
   [32 0 0 0 0 0])
  ("The" .
   [11 0 0])
  ("Theorem" .
   [7 0 0 0 0 0 0])
  ("j" .
   [3])
  ("kH" .
   [1 0])
  ("between" .
   [3 0 0 0 0 0 0])
  ("space" .
   [2 0 0 0 0])
  ("Page" .
   [38 0 0 0])
  ("k" .
   [4])
  ("definition" .
   [5 0 0 0 0 0 0 0 0 0])
  ("on" .
   [6 0])
  ("explanation" .
   [2 0 0 0 0 0 0 0 0 0 0])
  ("more" .
   [5 0 0 0])
  ("line" .
   [47 0 0 0])
  ("JOTA" .
   [1 0 0 0])
  ("also" .
   [4 0 0 0])
  ("utility" .
   [3 0 0 0 0 0 0])
  ("recursive" .
   [0 0 0 0 0 0 0 0 1])
  ("model" .
   [1 0 0 0 0])
  ("jump-diffusion" .
   [0 0 0 0 0 0 0 0 0 0 0 0 0 1])
  ("optimal" .
   [8 0 0 0 0 0 0])
  ("solving" .
   [3 0 0 0 0 0 0])
  ("examples" .
   [1 0 0 0 0 0 0 0])
  ("theory" .
   [2 0 0 0 0 0])
  ("calculus" .
   [2 0 0 0 0 0 0 0])
  ("using" .
   [4 0 0 0 0])
  ("method" .
   [1 0 0 0 0 0])
  ("general" .
   [1 0 0 0 0 0 0])
  ("without" .
   [1 0 0 0 0 0 0])
  ("proved" .
   [2 0 0 0 0 0])
  ("author" .
   [5 0 0 0 0 0])
  ("Then" .
   [2 0 0 0])
  ("assumptions" .
   [2 0 0 0 0 0 0 0 0 0 0])
  ("concavity" .
   [2 0 0 0 0 0 0 0 1])
  ("some" .
   [2 0 0 0])
  ("information" .
   [1 0 0 0 0 0 0 0 0 0 0])
  ("partial" .
   [1 0 0 0 0 0 0])
  ("jumps" .
   [1 0 0 0 0])
  ("with" .
   [10 0 0 0])
  ("Differential" .
   [1 0 0 0 0 0 0 0 0 0 0 1])
  ("Difference" .
   [0 0 0 0 0 0 0 0 1 0])
  ("forward-backward" .
   [1 0 0 0 0 0 0 0 0 0 0 0 0 0 0 1])
  ("forward" .
   [1 0 0 0 1 0 0])
  ("regime-switching" .
   [0 0 0 0 0 0 0 0 0 0 0 0 0 0 0 2])
  ("regime" .
   [0 0 0 1 0 1])
  ("Markov" .
   [2 0 0 0 0 0])
  ("problem" .
   [5 0 0 0 0 0 0])
  ("control" .
   [5 0 0 0 0 0 0])
  ("opti-" .
   [0 0 0 0 1])
  ("for" .
   [12 0 0])
  ("principle" .
   [2 0 0 0 0 0 0 0 1])
  ("maximum" .
   [4 0 0 0 0 0 0])
  ("Maximum" .
   [0 0 0 0 0 0 2])
  ("section" .
   [3 0 0 0 0 0 0])
  ("a4paper" .
   [1 0 0 0 0 0 0])
  ("com" .
   [1 0 0])
  ("seu@foxmail" .
   [0 0 0 0 0 1 0 0 0 0 0])
  ("zhang" .
   [1 0 0 0 0])
  ("Email" .
   [1 0 0 0 0])
  ("University" .
   [1 0 0 0 1 0 0 0 0 0])
  ("Southeast" .
   [0 0 0 0 0 1 0 0 0])
  ("Mathematics" .
   [1 0 0 0 0 0 0 0 0 0 0])
  ("Department" .
   [0 0 0 0 0 1 0 0 0 0])
  ("you" .
   [1 0 0])
  ("dzdu" .
   [1 0 0 0])
  ("u" .
   [3])
  ("-1" .
   [4 0])
  ("x" .
   [22])
  ("1+" .
   [2 0])
  ("+2" .
   [1 0])
  ("as" .
   [4 0])
  ("axdiff" .
   [1 0 0 0 0 0])
  ("substituting" .
   [1 0 0 0 0 0 0 0 0 0 0 0])
  ("yields" .
   [2 0 0 0 0 0])
  ("the" .
   [122 0 0])
  ("results" .
   [5 0 0 0 0 0 0])
  ("label" .
   [2 0 0 0 0])
  ("sec" .
   [1 0 0])
  ("In" .
   [6 0])
  ("this" .
   [21 0 0 0])
  ("case" .
   [5 0 0 0])
  ("following" .
   [7 0 0 0 0 0 0 0 0])
  ("we" .
   [11 0])
  ("shall" .
   [1 0 0 0 0])
  ("present" .
   [1 0 0 0 0 0 0])
  ("two" .
   [4 0 0])
  ("special" .
   [1 0 0 0 0 0 0])
  ("cases" .
   [1 0 0 0 0])
  ("of" .
   [44 0])
  ("our" .
   [3 0 0])
  ("*=" .
   [1 0])
  ("is" .
   [33 0])
  ("Let" .
   [2 0 0])
  ("by" .
   [13 0])
  ("where" .
   [3 0 0 0 0])
  ("and" .
   [45 0 0])
  ("given" .
   [2 0 0 0 0])
  ("B" .
   [9])
  ("can" .
   [4 0 0])
  ("easily" .
   [1 0 0 0 0 0])
  ("obtain" .
   [5 0 0 0 0 0])
  ("desired" .
   [2 0 0 0 0 0 0])
  ("*" .
   [19])
  ("Furthermore" .
   [2 0 0 0 0 0 0 0 0 0 0])
  ("tc" .
   [11 0])
  ("有" .
   [2])
  ("II" .
   [2 0])
  ("均有" .
   [1 0])
  ("种方式" .
   [2 0 0])
  ("与" .
   [3])
  ("1n" .
   [1 0])
  ("或" .
   [1])
  ("pause" .
   [20 0 0 0 0])
  ("vspace" .
   [4 0 0 0 0 0])
  ("5cm" .
   [4 0 0])
  ("<+-|alert@+>" .
   [0 7 0 0 0 0 0 0 0 0 0 0])
  ("n-1" .
   [8 0 0])
  ("=P" .
   [3 0])
  ("dfrac# " .
   [0 0 21 0 0 0 0])
  ("=" .
   [17])
  ("n-r" .
   [1 0 0])
  ("r=" .
   [1 0])
  ("个元素组成的组合" .
   [1 0 0 0 0 0 0 0])
  ("jieda" .
   [0 0 1 6 3])
  ("centering" .
   [1 0 0 0 0 0 0 0 0])
  ("y" .
   [12])
  ("frametitle" .
   [0 0 0 0 0 0 0 3 0 0])
  ("cdots+" .
   [1 0 0 0 0 0])
  ("dfrac" .
   [0 0 1 0 0])
  ("mbox" .
   [16 0 0 0])
  ("C" .
   [6])
  ("m" .
   [3])
  ("N" .
   [7])
  ("M" .
   [2])
  ("N-M" .
   [1 0 0])
  ("n+1" .
   [1 0 0])
  ("|" .
   [12])
  ("Omega|" .
   [2 0 0 0 0 0])
  ("|A|" .
   [1 0 0])
  ("A" .
   [7])
  ("P" .
   [9])
  ("r-m" .
   [2 0 0])
  ("r+n" .
   [3 0 0])
  ("=C" .
   [3 0])
  ("r+n-1" .
   [2 0 0 0 0])
  ("qquad" .
   [3 0 0 0 0])
  ("种不同分法" .
   [1 0 0 0 0])
  ("因此" .
   [1 0])
  ("Omega|=C" .
   [1 0 0 0 0 0 0 0])
  ("而" .
   [1])
  ("|B|=C" .
   [1 0 0 0 0])
  ("|C|=C" .
   [1 0 0 0 0])
  ("3cm" .
   [1 0 0])
  ("g" .
   [6])
  ("15+3" .
   [1 0 0 0])
  ("=136" .
   [1 0 0 0])
  ("=91" .
   [1 0 0])
  ("are" .
   [12 0 0])
  ("若记" .
   [2 0])
  ("quad" .
   [4 0 0 0])
  ("试问" .
   [1 0])
  ("证明" .
   [6 0])
  ("s" .
   [2])
  ("E" .
   [2])
  ("w" .
   [2])
  ("=S" .
   [1 0])
  ("r" .
   [1])
  ("的无偏估计量" .
   [1 0 0 0 0 0])
  ("clustering" .
   [0 0 0 0 0 0 0 0 0 1])
  ("effects" .
   [1 0 0 0 0 0 0])
  ("We" .
   [1 0])
  ("assume" .
   [2 0 0 0 0 0])
  ("that" .
   [16 0 0 0])
  ("under" .
   [4 0 0 0 0])
  ("evolution" .
   [1 0 0 0 0 0 0 0 0])
  ("short" .
   [2 0 0 0 0])
  ("rate" .
   [2 0 0 0])
  ("process" .
   [2 0 0 0 0 0 0])
  ("over" .
   [2 0 0 0])
  ("time" .
   [1 0 0 0])
  ("stochastic" .
   [4 0 0 0 0 0 0 0 0 4])
  ("differential" .
   [2 0 0 0 0 0 0 0 0 0 0 0])
  ("equations" .
   [3 0 0 0 0 0 0 0 0])
  ("dr" .
   [2 0])
  ("dt+" .
   [3 0 0])
  ("dW" .
   [1 0])
  ("+" .
   [7])
  ("R" .
   [9])
  ("z" .
   [1])
  ("widetilde# ̃" .
   [0 0 0 0 0 0 0 1 0 0 0 0])
  ("dt" .
   [5 0])
  ("dz" .
   [2 0])
  ("intensity" .
   [1 0 0 0 0 0 0 0 0])
  ("modeled" .
   [1 0 0 0 0 0 0])
  ("emacs-org" .
   [1 0 0 0 0 0 0 0 0])
  ("ox" .
   [4 0])
  ("org" .
   [1 0 0])
  ("second" .
   [1 0 0 0 0 0])
  ("equation" .
   [14 0 0 0 0 0 0 0])
  ("boundness" .
   [1 0 0 0 0 0 0 0 0])
  ("apply" .
   [1 0 0 0 0])
  ("inequality" .
   [1 0 0 0 0 0 0 0 0 0])
  ("V" .
   [2])
  ("2+|" .
   [1 0 0])
  ("KE" .
   [4 0])
  ("+K" .
   [4 0])
  ("T|" .
   [1 0])
  ("x|" .
   [1 0])
  ("2dt+" .
   [1 0 0 0])
  ("sup" .
   [1 0 0])
  ("bigg" .
   [3 0 0 0])
  ("<" .
   [1])
  ("Thus" .
   [2 0 0 0])
  ("<+" .
   [1 0])
  ("||" .
   [1 0])
  ("which" .
   [4 0 0 0 0])
  ("implies" .
   [3 0 0 0 0 0 0])
  ("uniform" .
   [2 0 0 0 0 0 0])
  ("integrability" .
   [1 0 0 0 0 0 0 0 0 0 0 0 0])
  ("Noting" .
   [1 0 0 0 0 0])
  ("number" .
   [1 0 0 0 0 0])
  ("revised" .
   [2 0 0 0 0 0 0])
  ("version" .
   [2 0 0 0 0 0 0])
  ("paper" .
   [9 0 0 0 0])
  ("must" .
   [1 0 0 0])
  ("languages" .
   [1 0 0 0 0 0 0 0 0])
  ("too" .
   [2 0 0])
  ("many" .
   [2 0 0 0])
  ("small" .
   [4 0 0 0 0])
  ("made" .
   [1 0 0 0])
  ("reader" .
   [1 0 0 0 0 0])
  ("understand" .
   [1 0 0 0 0 0 0 0 0 0])
  ("This" .
   [1 0 0 0])
  ("specification" .
   [1 0 0 0 0 0 0 0 0 0 0 0 0])
  ("such" .
   [4 0 0 0])
  ("specifications" .
   [1 0 0 0 0 0 0 0 0 0 0 0 0 0])
  ("research" .
   [2 0 0 0 0 0 0 0])
  ("there" .
   [3 0 0 0 0])
  ("after" .
   [2 0 0 0 0])
  ("does" .
   [1 0 0 0])
  ("standard" .
   [1 0 0 0 0 0 0 0])
  ("papers" .
   [2 0 0 0 0 0])
  ("spaces" .
   [1 0 0 0 0 0])
  ("punctuation" .
   [1 0 0 0 1 0 0 0 0 0 0])
  ("-4" .
   [1 0])
  ("Line" .
   [1 0 0 0])
  ("at" .
   [1 0])
  ("Moreover" .
   [3 0 0 0 0 0 0 0])
  ("style" .
   [2 0 0 0 0])
  ("Besides" .
   [1 0 0 0 0 0 0])
  ("see" .
   [2 0 0])
  ("suggestions" .
   [2 0 0 0 0 0 0 0 0 0 0])
  ("list" .
   [1 0 0 0])
  ("There" .
   [1 0 0 0 0])
  ("did" .
   [3 0 0])
  ("name" .
   [1 0 0 0])
  ("when" .
   [1 0 0 0])
  ("they" .
   [1 0 0 0])
  ("first" .
   [2 0 0 0 0])
  ("PMCMC" .
   [1 0 0 0 0])
  ("citation" .
   [1 0 0 0 0 0 0 0])
  ("reference" .
   [2 0 0 0 0 0 0 0 0])
  ("only" .
   [4 0 0 0])
  ("it" .
   [3 0])
  ("difficult" .
   [1 0 0 0 0 0 0 0 0])
  ("P3" .
   [3 0])
  ("state" .
   [2 0 0 0 0])
  ("models" .
   [1 0 0 0 0 0])
  ("then" .
   [2 0 0 0])
  ("term" .
   [1 0 0 0])
  ("nonlinear" .
   [0 0 0 0 0 0 0 1 0])
  ("-2" .
   [1 0])
  ("From" .
   [2 0 0 0])
  ("notation" .
   [2 0 0 0 0 0 0 0])
  ("do" .
   [2 0])
  ("will" .
   [1 0 0 0])
  ("hold" .
   [1 0 0 0])
  ("Note" .
   [1 0 0 0])
  ("t-1" .
   [2 0 0])
  ("while" .
   [2 0 0 0 0])
  ("just" .
   [1 0 0 0])
  ("conditional" .
   [1 0 0 0 0 0 0 0 0 0 0])
  ("probability" .
   [1 0 0 0 0 0 0 0 0 0 0])
  ("formula" .
   [1 0 0 0 0 0 0])
  ("used" .
   [1 0 0 0])
  ("but" .
   [2 0 0])
  ("third" .
   [1 0 0 0 0])
  ("P6" .
   [2 0])
  ("right" .
   [2 0 0 0 0])
  ("hand" .
   [3 0 0 0])
  ("side" .
   [2 0 0 0])
  ("equal" .
   [1 0 0 0 0])
  ("注意到" .
   [1 0 0])
  ("eqnarray" .
   [1 0 0 0 0 0 0 0])
  ("知" .
   [1])
  ("可得" .
   [1 0])
  ("从而" .
   [2 0])
  ("Rightarrow# ⇒" .
   [0 0 0 0 2 0 0 0 0 0 0 0 0])
  ("/P" .
   [1 0])
  ("Leftrightarrow@ ⇔" .
   [0 0 1 4 0 0 0 0 0 0 0 0 0 0 0 0 0])
  ("Xin" .
   [1 0 0])
  ("Zhang" .
   [1 0 0 0 0])
  ("Jie" .
   [1 0 0])
  ("Xiong" .
   [1 0 0 0 0])
  ("considered" .
   [3 0 0 0 0 0 0 0 0 0])
  ("robust" .
   [1 0 0 0 0 0])
  ("investment" .
   [1 0 0 0 0 0 0 0 0 0])
  ("reinsurance" .
   [1 0 0 0 0 0 0 0 0 0 0])
  ("diffusion" .
   [1 0 0 0 0 0 0 0 0])
  ("risk" .
   [2 0 0 0])
  ("jump" .
   [2 0 0 0])
  ("same" .
   [1 0 0 0])
  ("More" .
   [1 0 0 0])
  ("left" .
   [1 0 0 0])
  ("below" .
   [1 0 0 0 0])
  ("function" .
   [3 0 0 0 0 0 0 0])
  ("variable" .
   [2 0 0 0 0 0 0 0])
  ("authors" .
   [9 0 0 0 0 0 0])
  ("consider" .
   [1 0 0 0 0 0 0 0])
  ("expected" .
   [4 0 0 0 0 0 0 0])
  ("terminal" .
   [4 0 0 0 0 0 0 0])
  ("wealth" .
   [3 0 0 0 0 0])
  ("Change" .
   [5 0 0 0 0 0])
  ("problems" .
   [2 0 0 0 0 0 0 0])
  ("finance" .
   [3 0 0 0 0 0 0])
  ("insurance" .
   [2 0 0 0 0 0 0 0 0])
  ("introduce" .
   [2 0 0 0 0 0 0 0 0])
  ("introduced" .
   [1 0 0 0 0 0 0 0 0 0])
  ("considers" .
   [1 0 0 0 0 0 0 0 0])
  ("an" .
   [2 0])
  ("auxiliary" .
   [1 0 0 0 0 0 0 0 0])
  ("align*" .
   [6 0 0 0 0 0])
  ("land" .
   [1 0 0 0])
  ("的分布密度为" .
   [1 0 0 0 0 0])
  ("y>0" .
   [1 0 0])
  ("时" .
   [1])
  ("y-x" .
   [1 0 0])
  ("y-1" .
   [1 0 0])
  ("其他" .
   [1 0])
  ("0<" .
   [3 0])
  ("x<" .
   [1 0])
  ("xi+" .
   [1 0 0])
  ("cS" .
   [1 0])
  ("citet" .
   [2 0 0 0 0])
  ("Maccheroni" .
   [1 0 0 0 0 0 0 0 0 0])
  ("et" .
   [2 0])
  ("al" .
   [2 0])
  ("penalty0" .
   [1 0 0 0 0 0 0 0])
  ("P_x=" .
   [1 0 0 0])
  ("A_x" .
   [1 0 0])
  ("a_x" .
   [2 0 0])
  ("在" .
   [1])
  ("-P" .
   [1 0])
  ("-P_x" .
   [1 0 0 0])
  ("六" .
   [2])
  ("easy" .
   [1 0 0 0])
  ("verify" .
   [1 0 0 0 0 0])
  ("align" .
   [2 0 0 0 0])
  ("ran=" .
   [1 0 0 0])
  ("Bl" .
   [1 0])
  ("observing" .
   [1 0 0 0 0 0 0 0 0])
  ("expressions" .
   [1 0 0 0 0 0 0 0 0 0 0])
  ("obtained" .
   [1 0 0 0 0 0 0 0])
  ("corresponding" .
   [2 0 0 0 0 0 0 0 0 0 0 0 0])
  ("Finally" .
   [1 0 0 0 0 0 0])
  ("Zheng" .
   [4 0 0 0 0])
  ("再保险" .
   [2 0 0])
  ("noindent" .
   [4 0 0 0 0 0 0 0])
  ("textbf" .
   [1 0 0 0 0 0])
  ("Harry" .
   [1 0 0 0 0])
  ("马尔科夫体制转换模型" .
   [0 0 1 1 0 0 0 0 0 0])
  ("Robust" .
   [1 0 0 0 0 0])
  ("Open-Loop" .
   [1 0 0 0 0 0 0 0 0])
  ("Closed-Loop" .
   [0 0 0 0 0 0 1 0 0 0 0])
  ("传染模型下的随机最优二次规划问题" .
   [0 0 0 0 0 0 1 0 0 0 0 0 0 0 0 0])
  ("对此研究内容，首先要利用随机积分及泛函分析相关理论解决马尔科夫体制转换模型与传染模型下随机最优二次规划问题费用函数的明确表达形式" .
   [0 0 0 0 1 0 0 0 0 0 0 0 0 0 0 0 0 0 0 0 0 0 0 0 0 0 0 0 0 0 0 0 0 0 0 0 0 0 0 0 0 0 0 0 0 0 0 0 0 0 0 0 0 0 0 0 0 0 0 0 0 0 0 0])
  ("nil" .
   [2 0 0])
  (":config" .
   [1 0 0 0 0 0 0])
  ("setq" .
   [2 0 0 0])
  ("linum-relative-mode" .
   [0 0 0 0 0 0 0 0 0 0 0 0 0 0 0 0 0 0 1])
  ("linum-mode" .
   [1 0 0 0 0 0 0 0 0 0])))
